1 2 2
2 2 2
3 2 2
4 2 2
5 2 2
6 2 2
7 2 2
8 2 2
9 2 2
10 2 2
11 2 2
12 2 2
13 2 2
14 2 2
15 2 2
16 2 0
17 2 2
18 2 0
19 2 2
20 2 2
21 2 2
22 2 2
23 2 2
24 2 2
25 2 0
26 2 2
27 2 2
28 2 2
29 2 2
30 2 2
31 2 2
32 2 2
33 2 0
34 2 2
35 2 2
36 2 2
37 2 2
38 2 2
39 2 2
40 2 0
41 2 2
42 2 2
43 2 2
44 2 2
45 2 0
46 2 2
47 2 2
48 2 2
49 2 0
50 2 2
51 2 2
52 2 0
53 2 2
54 2 2
55 2 2
56 2 0
57 2 2
58 2 2
59 2 2
60 2 2
61 2 2
62 2 2
63 2 2
64 2 2
65 2 2
66 2 2
67 2 2
68 2 2
69 2 2
70 2 2
71 2 2
72 2 2
73 2 2
74 2 2
75 2 2
76 2 2
77 2 2
78 2 2
79 2 2
80 2 2
81 2 2
82 2 2
83 2 2
84 2 2
85 2 2
86 2 2
87 2 2
88 2 2
89 2 2
90 2 2
91 2 2
92 2 2
93 2 2
94 2 2
95 2 2
96 2 2
97 2 2
98 2 2
99 2 2
100 2 2
101 2 2
102 2 2
103 2 2
104 2 2
105 2 2
106 2 2
107 2 2
108 2 2
109 2 2
110 2 2
111 2 2
112 2 2
113 2 2
114 2 0
115 2 2
116 2 2
117 2 2
118 2 2
119 2 2
120 2 2
121 2 2
122 2 2
123 2 2
124 2 2
125 2 2
126 2 2
127 2 2
128 2 2
129 2 2
130 2 2
131 2 2
132 2 2
133 2 2
134 2 2
135 2 2
136 2 2
137 2 2
138 2 0
139 2 2
140 2 2
141 2 2
142 2 2
143 2 2
144 2 2
145 2 2
146 2 2
147 2 2
148 2 2
149 2 2
150 2 2
151 2 2
152 2 2
153 2 2
154 2 2
155 2 2
156 2 2
157 2 2
158 2 2
159 2 2
160 2 2
161 2 2
162 2 2
163 2 2
164 2 2
165 2 2
166 2 2
167 2 2
168 2 2
169 2 2
170 2 2
171 2 2
172 2 2
173 2 2
174 2 2
175 2 2
176 2 2
177 2 2
178 2 2
179 2 2
180 2 2
181 2 2
182 2 2
183 2 2
184 2 2
185 2 2
186 2 2
187 2 2
188 2 0
189 2 2
190 2 2
191 2 2
192 2 2
193 2 2
194 2 2
195 2 2
196 2 2
197 2 2
198 2 2
199 2 2
200 2 2
201 2 2
202 2 0
203 2 2
204 2 0
205 2 2
206 2 2
207 2 2
208 2 2
209 2 2
210 2 2
211 2 2
212 2 2
213 2 2
214 2 2
215 2 0
216 2 0
217 2 2
218 2 2
219 2 2
220 2 0
221 2 2
222 2 2
223 2 2
224 2 2
225 2 2
226 2 2
227 2 0
228 2 0
229 2 2
230 2 2
231 2 2
232 2 2
233 2 2
234 2 2
235 2 2
236 2 2
237 2 2
238 2 2
239 2 2
240 2 2
241 2 0
242 2 2
243 2 2
244 2 2
245 2 2
246 2 2
247 2 2
248 2 2
249 2 2
250 2 2
251 2 0
252 1 1
253 2 0
254 2 0
255 2 2
256 2 0
257 2 2
258 2 2
259 2 0
260 2 2
261 2 2
262 2 0
263 2 0
264 2 0
265 2 0
266 2 0
267 2 2
268 1 1
269 2 0
270 2 0
271 2 2
272 2 2
273 2 2
274 2 0
275 2 2
276 1 1
277 2 0
278 1 1
279 1 1
280 1 0
281 1 1
282 1 0
283 1 0
284 1 1
285 1 1
286 1 1
287 1 1
288 1 1
289 1 0
290 1 0
291 2 0
292 1 1
293 1 0
294 1 1
295 1 0
296 1 0
297 1 1
298 1 0
299 2 0
300 1 1
301 1 1
302 1 1
303 1 1
304 1 1
305 1 1
306 1 1
307 1 1
308 1 1
309 1 1
310 1 1
311 1 0
312 1 0
313 1 1
314 1 1
315 1 1
316 1 1
317 1 0
318 1 0
319 1 0
320 1 1
321 1 0
322 1 1
323 1 0
324 1 1
325 1 1
326 1 0
327 1 0
328 1 1
329 1 1
330 1 1
331 1 1
332 1 1
333 1 1
334 1 0
335 1 1
336 1 1
337 1 1
338 1 1
339 1 1
340 1 0
341 1 1
342 1 1
343 2 0
344 1 1
345 1 1
346 1 0
347 1 1
348 1 1
349 1 1
350 1 0
351 1 1
352 1 1
353 1 1
354 1 1
355 1 1
356 1 0
357 1 1
358 1 1
359 1 0
360 1 1
361 1 0
362 1 1
363 1 1
364 1 1
365 1 0
366 1 1
367 1 1
368 1 1
369 1 1
370 1 1
371 1 1
372 1 1
373 1 1
374 1 1
375 1 1
376 1 0
377 1 1
378 1 1
379 1 1
380 1 1
381 1 1
382 1 1
383 1 1
384 1 0
385 1 1
386 1 1
387 1 1
388 1 1
389 1 1
390 1 1
391 1 1
392 1 1
393 1 1
394 1 1
395 1 1
396 1 1
397 1 1
398 1 1
399 1 1
400 1 1
401 1 1
402 1 1
403 1 1
404 1 1
405 1 1
406 1 1
407 1 1
408 1 1
409 1 1
410 1 1
411 1 1
412 1 1
413 1 1
414 1 1
415 1 1
416 1 1
417 1 1
418 1 1
419 1 1
420 1 0
421 1 1
422 1 1
423 1 1
424 1 1
425 1 1
426 1 1
427 1 1
428 1 1
429 1 1
430 1 1
431 1 1
432 1 1
433 1 1
434 1 1
435 1 1
436 1 1
437 1 1
438 1 1
439 1 1
440 1 1
441 1 1
442 1 1
443 1 1
444 1 1
445 1 1
446 1 1
447 1 1
448 1 0
449 1 1
450 1 1
451 1 1
452 1 1
453 1 1
454 1 1
455 1 1
456 1 1
457 1 1
458 1 0
459 1 1
460 1 1
461 1 1
462 1 1
463 1 1
464 1 1
465 1 1
466 1 1
467 1 1
468 1 1
469 1 1
470 1 1
471 1 1
472 1 1
473 1 1
474 1 1
475 1 1
476 1 1
477 1 1
478 1 1
479 1 1
480 1 1
481 1 1
482 1 1
483 1 1
484 1 1
485 1 1
486 1 1
487 1 1
488 1 1
489 1 1
490 1 1
491 1 1
492 1 0
493 1 0
494 1 0
495 1 1
496 1 1
497 1 1
498 1 1
499 1 1
500 1 1
501 1 1
502 1 1
503 1 0
504 1 1
505 1 1
506 1 0
507 1 1
508 1 1
509 1 1
510 1 0
511 1 1
512 1 0
513 1 0
514 1 1
515 1 1
516 1 1
517 1 1
518 1 0
519 1 1
520 1 0
521 1 1
522 1 1
523 1 0
524 1 1
525 1 1
526 1 1
527 1 1
528 1 1
529 1 1
530 1 1
531 1 1
532 1 1
533 1 1
534 1 1
535 1 0
536 1 1
537 1 1
538 1 1
539 1 1
540 1 1
541 1 1
542 1 1
543 1 1
544 1 1
545 1 1
546 1 1
547 1 1
548 1 1
549 1 1
550 1 1
551 2 2
552 2 2
553 2 2
554 2 2
555 2 2
556 2 2
557 2 2
558 2 2
559 2 2
560 2 2
561 2 2
562 2 2
563 2 2
564 2 2
565 2 2
566 2 2
567 2 2
568 2 2
569 2 2
570 2 2
571 2 2
572 2 2
573 2 2
574 2 2
575 2 2
576 2 2
577 2 2
578 2 2
579 2 2
580 2 2
581 2 2
582 2 2
583 2 2
584 2 2
585 2 2
586 2 2
587 2 2
588 2 2
589 2 2
590 2 2
591 2 2
592 2 2
593 2 2
594 2 2
595 2 2
596 2 2
597 2 2
598 2 2
599 2 2
600 2 2
601 2 2
602 2 2
603 2 2
604 2 2
605 2 2
606 2 2
607 2 2
608 2 2
609 2 2
610 2 2
611 2 0
612 2 2
613 2 2
614 2 2
615 2 2
616 2 2
617 2 2
618 2 2
619 2 2
620 2 2
621 2 2
622 2 2
623 2 2
624 2 2
625 2 2
626 2 2
627 2 2
628 2 0
629 2 2
630 2 2
631 2 2
632 2 2
633 2 2
634 2 2
635 2 2
636 2 2
637 2 2
638 2 2
639 2 2
640 2 2
641 2 2
642 2 2
643 2 2
644 2 2
645 2 2
646 2 2
647 2 2
648 2 2
649 2 2
650 2 2
651 2 2
652 2 2
653 2 2
654 2 2
655 2 2
656 2 2
657 2 2
658 2 2
659 2 2
660 2 2
661 2 2
662 2 2
663 2 2
664 2 2
665 2 2
666 2 2
667 2 2
668 2 2
669 2 2
670 2 2
671 2 0
672 2 2
673 2 2
674 2 2
675 2 2
676 2 2
677 2 2
678 2 2
679 2 2
680 2 2
681 2 2
682 2 2
683 2 2
684 2 2
685 2 2
686 2 2
687 2 2
688 2 2
689 2 2
690 2 2
691 2 2
692 2 2
693 2 2
694 2 2
695 2 2
696 2 2
697 2 2
698 2 0
699 2 2
700 2 2
701 2 2
702 2 2
703 2 2
704 2 2
705 2 2
706 2 2
707 2 2
708 2 2
709 2 2
710 2 2
711 2 2
712 2 2
713 2 2
714 2 2
715 2 2
716 2 2
717 2 2
718 2 2
719 2 2
720 2 2
721 2 0
722 2 2
723 2 0
724 2 2
725 2 2
726 2 2
727 2 2
728 2 2
729 2 2
730 2 2
731 2 2
732 2 2
733 2 2
734 2 2
735 2 2
736 2 2
737 2 2
738 2 2
739 2 2
740 2 2
741 2 2
742 2 2
743 2 2
744 2 2
745 2 2
746 2 2
747 2 2
748 2 2
749 2 2
750 2 2
751 2 2
752 2 2
753 2 2
754 2 2
755 2 2
756 2 2
757 2 2
758 2 2
759 2 2
760 2 2
761 2 2
762 2 2
763 2 2
764 2 0
765 2 2
766 2 2
767 2 2
768 2 2
769 2 0
770 2 2
771 2 2
772 2 2
773 2 2
774 2 2
775 2 2
776 2 2
777 2 2
778 2 2
779 2 2
780 2 2
781 2 2
782 2 2
783 2 2
784 2 2
785 2 2
786 2 2
787 2 2
788 2 2
789 2 2
790 2 2
791 2 2
792 2 2
793 2 2
794 2 2
795 2 2
796 2 2
797 2 2
798 2 2
799 2 2
800 2 2
801 2 2
802 2 2
803 2 2
804 2 2
805 2 2
806 2 2
807 2 2
808 2 2
809 2 2
810 2 2
811 2 2
812 2 2
813 2 2
814 2 2
815 2 2
816 2 0
817 2 2
818 2 2
819 2 2
820 2 2
821 2 2
822 2 2
823 2 2
824 2 2
825 2 0
826 2 2
827 2 2
828 2 2
829 2 2
830 2 2
831 2 2
832 2 2
833 2 0
834 2 2
835 2 2
836 2 2
837 2 2
838 2 2
839 2 2
840 2 2
841 2 2
842 2 2
843 2 2
844 2 2
845 2 2
846 2 2
847 2 2
848 2 2
849 2 2
850 2 2
851 2 2
852 2 2
853 2 2
854 2 2
855 2 2
856 2 2
857 2 2
858 2 2
859 2 2
860 2 2
861 2 2
862 2 2
863 2 2
864 2 2
865 2 2
866 2 2
867 2 0
868 2 2
869 2 2
870 2 2
871 2 2
872 2 2
873 2 2
874 2 2
875 2 2
876 2 2
877 2 2
878 2 2
879 2 2
880 2 2
881 2 2
882 2 2
883 2 2
884 2 2
885 2 2
886 2 2
887 2 2
888 2 2
889 2 2
890 2 2
891 2 2
892 2 2
893 2 2
894 2 2
895 2 2
896 2 2
897 2 2
898 2 2
899 2 2
900 2 2
901 2 2
902 2 2
903 2 2
904 2 2
905 2 2
906 2 2
907 2 2
908 2 2
909 2 2
910 2 2
911 2 2
912 2 2
913 2 2
914 2 2
915 2 2
916 2 2
917 2 2
918 2 2
919 2 2
920 2 2
921 2 2
922 2 2
923 2 2
924 2 2
925 2 2
926 2 2
927 2 2
928 2 2
929 2 2
930 2 2
931 2 2
932 2 2
933 2 2
934 2 2
935 2 2
936 2 2
937 2 2
938 2 2
939 2 2
940 2 2
941 2 2
942 2 0
943 2 2
944 2 2
945 2 2
946 2 2
947 2 2
948 2 2
949 2 2
950 2 2
951 2 2
952 2 2
953 2 2
954 2 2
955 2 2
956 2 2
957 2 2
958 2 0
959 2 2
960 2 2
961 2 2
962 2 2
963 2 2
964 2 2
965 2 2
966 2 2
967 2 2
968 2 2
969 2 2
970 2 2
971 2 2
972 2 2
973 2 2
974 2 2
975 2 2
976 2 2
977 2 2
978 2 2
979 2 2
980 2 2
981 2 2
982 2 2
983 2 2
984 2 2
985 2 2
986 2 2
987 2 2
988 2 2
989 2 2
990 2 2
991 2 2
992 2 2
993 2 2
994 2 2
995 2 0
996 2 2
997 2 2
998 2 0
999 2 0
1000 2 2
1001 2 2
1002 2 2
1003 2 2
1004 2 2
1005 2 2
1006 2 2
1007 2 2
1008 2 2
1009 2 2
1010 2 2
1011 2 2
1012 2 2
1013 2 2
1014 2 2
1015 2 2
1016 2 2
1017 2 2
1018 2 0
1019 2 2
1020 2 2
1021 2 2
1022 2 2
1023 2 2
1024 2 2
1025 2 2
1026 2 2
1027 2 2
1028 2 2
1029 2 2
1030 2 2
1031 2 2
1032 2 2
1033 2 0
1034 2 2
1035 2 2
1036 2 2
1037 2 2
1038 2 2
1039 2 2
1040 2 2
1041 2 2
1042 2 2
1043 2 2
1044 2 2
1045 2 2
1046 2 2
1047 2 2
1048 2 2
1049 2 2
1050 2 2
1051 2 2
1052 2 2
1053 2 2
1054 2 2
1055 2 2
1056 2 2
1057 2 2
1058 2 2
1059 2 2
1060 2 2
1061 2 2
1062 2 2
1063 2 2
1064 2 2
1065 2 2
1066 2 2
1067 2 2
1068 2 2
1069 2 2
1070 2 2
1071 2 2
1072 2 2
1073 2 2
1074 2 2
1075 2 2
1076 2 2
1077 2 2
1078 2 2
1079 2 2
1080 2 2
1081 2 2
1082 2 2
1083 2 2
1084 2 2
1085 2 2
1086 2 2
1087 2 2
1088 2 2
1089 2 2
1090 2 2
1091 2 2
1092 2 2
1093 2 2
1094 2 2
1095 2 2
1096 2 2
1097 2 2
1098 2 2
1099 2 2
1100 2 2
1101 2 2
1102 2 2
1103 2 2
1104 2 2
1105 2 2
1106 2 2
1107 2 2
1108 2 2
1109 2 0
1110 2 2
1111 2 2
1112 2 2
1113 2 2
1114 2 2
1115 2 2
1116 2 2
1117 2 2
1118 2 2
1119 2 2
1120 2 2
1121 2 2
1122 2 2
1123 2 2
1124 2 2
1125 2 2
1126 2 2
1127 2 2
1128 2 2
1129 2 2
1130 2 2
1131 2 2
1132 2 2
1133 2 2
1134 2 2
1135 2 2
1136 2 2
1137 2 2
1138 2 2
1139 2 2
1140 2 2
1141 2 2
1142 2 2
1143 2 2
1144 2 2
1145 2 2
1146 2 2
1147 2 2
1148 2 2
1149 2 2
1150 2 2
1151 2 2
1152 2 2
1153 2 2
1154 2 2
1155 2 2
1156 2 2
1157 2 2
1158 2 2
1159 2 2
1160 2 2
1161 2 2
1162 2 2
1163 2 2
1164 2 2
1165 2 2
1166 2 2
1167 2 2
1168 2 2
1169 2 2
1170 2 2
1171 2 2
1172 2 2
1173 2 2
1174 2 2
1175 2 2
1176 2 2
1177 2 2
1178 2 2
1179 2 2
1180 2 2
1181 2 2
1182 2 2
1183 2 2
1184 2 2
1185 2 2
1186 2 2
1187 2 2
1188 2 2
1189 2 2
1190 2 2
1191 2 2
1192 2 2
1193 2 2
1194 2 2
1195 2 2
1196 2 2
1197 2 2
1198 2 2
1199 2 2
1200 2 2
1201 2 2
1202 2 2
1203 2 2
1204 2 2
1205 2 2
1206 2 2
1207 2 2
1208 2 2
1209 2 2
1210 2 2
1211 2 2
1212 2 2
1213 2 2
1214 2 2
1215 2 2
1216 2 2
1217 2 2
1218 2 2
1219 2 2
1220 2 2
1221 2 2
1222 2 2
1223 2 0
1224 2 2
1225 2 2
1226 2 2
1227 2 2
1228 2 2
1229 2 2
1230 2 2
1231 2 2
1232 2 2
1233 2 2
1234 2 2
1235 2 2
1236 2 2
1237 2 2
1238 2 2
1239 2 2
1240 2 2
1241 2 2
1242 2 2
1243 2 2
1244 2 2
1245 2 2
1246 2 2
1247 2 2
1248 2 2
1249 2 2
1250 2 2
1251 2 2
1252 2 2
1253 2 2
1254 2 2
1255 2 2
1256 2 2
1257 2 2
1258 2 2
1259 2 2
1260 2 2
1261 2 2
1262 2 2
1263 2 2
1264 2 2
1265 2 2
1266 2 2
1267 2 2
1268 2 2
1269 2 2
1270 2 2
1271 2 2
1272 2 2
1273 2 2
1274 2 2
1275 2 2
1276 2 2
1277 2 2
1278 2 2
1279 2 2
1280 2 2
1281 2 0
1282 2 2
1283 2 2
1284 2 2
1285 2 2
1286 2 2
1287 2 2
1288 2 2
1289 2 2
1290 2 2
1291 2 2
1292 2 2
1293 2 2
1294 2 2
1295 2 2
1296 2 2
1297 2 2
1298 2 2
1299 2 2
1300 2 2
1301 2 2
1302 2 2
1303 2 2
1304 2 2
1305 2 2
1306 2 2
1307 2 2
1308 2 2
1309 2 2
1310 2 2
1311 3 3
1312 3 0
1313 3 3
1314 3 0
1315 3 3
1316 3 0
1317 3 3
1318 3 3
1319 3 3
1320 3 3
1321 2 0
1322 3 3
1323 3 3
1324 3 3
1325 3 3
1326 3 3
1327 3 3
1328 3 3
1329 3 3
1330 3 0
1331 3 3
1332 3 3
1333 3 3
1334 3 3
1335 3 3
1336 2 2
1337 3 3
1338 3 3
1339 3 0
1340 3 3
1341 3 3
1342 3 3
1343 3 3
1344 3 3
1345 3 3
1346 3 0
1347 3 0
1348 3 3
1349 3 3
1350 3 3
1351 3 3
1352 3 3
1353 3 3
1354 3 3
1355 3 0
1356 3 3
1357 3 3
1358 3 3
1359 3 0
1360 3 3
1361 3 3
1362 3 3
1363 3 3
1364 3 3
1365 3 3
1366 3 3
1367 3 3
1368 3 3
1369 3 3
1370 3 3
1371 3 3
1372 3 3
1373 3 3
1374 3 3
1375 3 3
1376 3 3
1377 3 3
1378 3 0
1379 3 3
1380 3 3
1381 3 3
1382 3 3
1383 3 3
1384 2 0
1385 3 3
1386 3 3
1387 3 3
1388 3 3
1389 3 3
1390 3 3
1391 3 3
1392 3 3
1393 3 3
1394 3 3
1395 3 3
1396 3 3
1397 3 3
1398 3 3
1399 2 2
1400 3 3
1401 3 3
1402 3 3
1403 3 3
1404 3 0
1405 3 3
1406 3 3
1407 3 3
1408 3 0
1409 3 3
1410 3 3
1411 3 3
1412 3 3
1413 3 0
1414 3 3
1415 3 3
1416 3 0
1417 3 3
1418 3 0
1419 3 3
1420 3 3
1421 3 3
1422 3 3
1423 3 3
1424 3 3
1425 3 3
1426 3 3
1427 3 3
1428 3 3
1429 3 3
1430 3 3
1431 3 3
1432 3 0
1433 3 3
1434 3 3
1435 3 3
1436 3 3
1437 3 3
1438 3 0
1439 3 3
1440 3 3
1441 3 3
1442 3 3
1443 3 3
1444 3 3
1445 3 3
1446 3 3
1447 3 3
1448 3 3
1449 3 3
1450 3 3
1451 3 3
1452 3 3
1453 3 0
1454 3 3
1455 3 3
1456 3 3
1457 3 0
1458 3 0
1459 3 3
1460 3 3
1461 3 3
1462 3 0
1463 3 3
1464 3 3
1465 3 3
1466 3 3
1467 3 3
1468 3 3
1469 3 0
1470 3 3
1471 3 3
1472 3 3
1473 3 3
1474 3 3
1475 3 3
1476 3 3
1477 3 3
1478 3 3
1479 3 3
1480 3 3
1481 3 3
1482 3 3
1483 3 0
1484 3 3
1485 3 3
1486 3 3
1487 3 3
1488 3 3
1489 3 3
1490 3 3
1491 3 3
1492 3 0
1493 3 3
1494 3 3
1495 3 3
1496 3 3
1497 3 3
1498 3 3
1499 3 3
1500 3 3
1501 3 3
1502 3 3
1503 3 3
1504 3 3
1505 3 3
1506 3 3
1507 3 3
1508 3 3
1509 3 3
1510 3 3
1511 3 0
1512 3 0
1513 3 3
1514 3 0
1515 3 3
1516 3 3
1517 3 3
1518 3 3
1519 3 3
1520 3 3
1521 3 3
1522 3 3
1523 3 0
1524 3 3
1525 3 3
1526 1 1
1527 3 0
1528 3 3
1529 3 3
1530 3 3
1531 1 1
1532 1 1
1533 1 1
1534 1 0
1535 1 1
1536 1 1
1537 1 0
1538 1 1
1539 1 1
1540 1 1
1541 1 1
1542 1 1
1543 1 1
1544 1 1
1545 1 1
1546 1 0
1547 1 0
1548 1 1
1549 1 1
1550 1 1
1551 1 1
1552 1 0
1553 1 1
1554 1 1
1555 1 1
1556 1 0
1557 1 1
1558 1 1
1559 1 1
1560 1 1
1561 1 1
1562 1 1
1563 1 1
1564 1 1
1565 1 1
1566 1 1
1567 1 1
1568 1 0
1569 1 1
1570 1 1
1571 1 1
1572 1 0
1573 1 1
1574 1 1
1575 1 1
1576 1 0
1577 1 1
1578 1 1
1579 1 1
1580 1 1
1581 1 0
1582 1 1
1583 1 1
1584 1 1
1585 1 1
1586 1 1
1587 1 1
1588 1 0
1589 1 1
1590 1 1
1591 1 1
1592 1 1
1593 1 1
1594 1 1
1595 1 1
1596 1 1
1597 1 1
1598 1 1
1599 1 0
1600 1 1
1601 2 0
1602 2 0
1603 1 0
1604 3 0
1605 2 0
1606 3 0
1607 1 1
1608 1 1
1609 3 3
1610 2 0
1611 2 0
1612 2 0
1613 1 0
1614 2 0
1615 1 0
1616 1 0
1617 2 0
1618 1 0
1619 2 0
1620 2 0
1621 2 0
1622 2 0
1623 2 0
1624 2 0
1625 3 0
1626 2 0
1627 3 0
1628 1 1
1629 1 1
1630 3 0
1631 2 0
1632 2 2
1633 3 3
1634 2 2
1635 3 3
1636 1 0
1637 3 3
1638 2 2
1639 2 2
1640 2 0
1641 2 0
1642 2 0
1643 2 0
1644 2 0
1645 3 0
1646 2 0
1647 3 0
1648 2 0
1649 3 3
1650 1 0
1651 2 0
1652 2 0
1653 1 0
1654 1 0
1655 2 0
1656 2 2
1657 2 0
1658 2 0
1659 2 0
1660 1 0
1661 2 0
1662 2 0
1663 1 0
1664 2 0
1665 1 1
1666 1 0
1667 2 0
1668 2 0
1669 2 0
1670 2 2
1671 2 0
1672 1 0
1673 2 0
1674 1 0
1675 3 3
1676 3 0
1677 2 0
1678 2 0
1679 1 0
1680 1 0
1681 1 0
1682 2 0
1683 2 0
1684 2 0
1685 3 0
1686 2 0
1687 1 1
1688 2 0
1689 2 0
1690 2 2
1691 2 2
1692 3 0
1693 2 0
1694 3 0
1695 3 3
1696 2 2
1697 2 0
1698 1 0
1699 2 2
1700 2 2
1701 1 0
1702 1 0
1703 2 2
1704 3 0
1705 1 1
1706 2 2
1707 1 0
1708 3 0
1709 2 0
1710 2 0
1711 1 1
1712 3 0
1713 1 1
1714 1 0
1715 2 0
1716 2 0
1717 2 2
1718 1 0
1719 3 0
1720 2 0
1721 2 0
1722 3 0
1723 1 0
1724 3 0
1725 2 0
1726 2 0
1727 3 3
1728 2 2
1729 2 0
1730 3 0
1731 3 0
1732 2 0
1733 1 1
1734 2 0
1735 2 2
1736 1 0
1737 2 0
1738 2 0
1739 2 0
1740 3 3
1741 2 0
1742 2 2
1743 2 0
1744 2 0
1745 2 0
1746 1 0
1747 2 0
1748 2 0
1749 2 0
1750 2 0
1751 2 0
1752 3 3
1753 1 0
1754 2 2
1755 2 0
1756 2 2
1757 2 2
1758 2 0
1759 3 3
1760 2 0
1761 3 0
1762 3 0
1763 2 2
1764 2 2
1765 2 2
1766 1 1
1767 2 0
1768 2 0
1769 3 0
1770 2 0
1771 2 0
1772 3 0
1773 2 0
1774 2 0
1775 2 0
1776 3 0
1777 3 0
1778 1 0
1779 3 0
1780 1 1
1781 2 0
1782 2 2
1783 1 0
1784 2 2
1785 2 0
1786 2 0
1787 3 3
1788 1 0
1789 1 1
1790 1 0
1791 2 0
1792 2 0
1793 3 0
1794 1 0
1795 1 0
1796 3 0
1797 2 0
1798 1 1
1799 2 0
1800 2 2
1801 2 0
1802 3 0
1803 2 0
1804 3 0
1805 2 0
1806 3 0
1807 2 0
1808 3 3
1809 3 0
1810 1 0
1811 2 0
1812 1 0
1813 3 3
1814 3 3
1815 3 0
1816 3 0
1817 3 3
1818 1 0
1819 3 0
1820 3 0
1821 1 0
1822 1 1
1823 2 0
1824 2 0
1825 2 2
1826 1 0
1827 2 0
1828 3 0
1829 2 0
1830 2 0
1831 1 0
1832 2 0
1833 1 0
1834 2 0
1835 2 0
1836 3 3
1837 1 0
1838 2 2
1839 3 3
1840 2 0
1841 3 0
1842 1 0
1843 1 0
1844 3 0
1845 2 0
1846 2 2
1847 2 2
1848 3 0
1849 2 2
1850 2 0
1851 2 0
1852 1 1
1853 1 0
1854 1 0
1855 2 2
1856 1 0
1857 2 0
1858 1 0
1859 2 0
1860 1 0
1861 1 1
1862 2 0
1863 2 0
1864 2 0
1865 3 0
1866 2 2
1867 2 0
1868 2 2
1869 1 1
1870 1 0
1871 2 2
1872 1 1
1873 2 0
1874 2 0
1875 3 0
1876 2 0
1877 2 0
1878 1 0
1879 2 0
1880 2 0
1881 3 3
1882 2 0
1883 2 0
1884 2 0
1885 2 2
1886 2 0
1887 2 0
1888 1 0
1889 2 2
1890 1 0
1891 2 2
1892 1 0
1893 2 0
1894 3 0
1895 2 2
1896 2 0
1897 2 0
1898 3 0
1899 2 0
1900 2 0
1901 1 1
1902 1 1
1903 1 0
1904 2 2
1905 2 0
1906 2 0
1907 1 0
1908 1 1
1909 2 0
1910 2 0
1911 2 2
1912 3 0
1913 2 0
1914 2 2
1915 3 3
1916 1 1
1917 3 0
1918 1 0
1919 1 0
1920 2 0
1921 1 1
1922 1 0
1923 2 0
1924 3 0
1925 1 1
1926 2 0
1927 2 0
1928 2 0
1929 2 0
1930 3 0
1931 2 0
1932 3 3
1933 2 0
1934 3 3
1935 2 0
1936 3 0
1937 2 2
1938 3 0
1939 3 0
1940 2 0
1941 2 0
1942 2 0
1943 3 0
1944 2 0
1945 2 0
1946 2 0
1947 2 2
1948 1 1
1949 2 0
1950 2 0
1951 2 0
1952 1 0
1953 2 0
1954 3 0
1955 2 0
1956 2 0
1957 3 0
1958 2 2
1959 3 0
1960 1 0
1961 1 0
1962 2 0
1963 2 2
1964 1 1
1965 2 0
1966 2 0
1967 2 0
1968 2 0
1969 1 0
1970 2 2
1971 1 0
1972 2 2
1973 3 0
1974 2 0
1975 2 2
1976 2 0
1977 2 2
1978 3 0
1979 2 2
1980 2 0
1981 2 0
1982 2 2
1983 3 0
1984 1 0
1985 2 0
1986 3 0
1987 2 2
1988 3 0
1989 1 0
1990 2 2
1991 1 0
1992 2 0
1993 1 0
1994 1 0
1995 2 0
1996 1 0
1997 2 2
1998 2 0
1999 1 0
2000 2 0
